v
26
-16
-5
-16
-5
-16
-5
-4
26
-16
6
-16
-5
-16
26
-11
6
-16
26
-5
-11
-16
-5
-11
-5
-11
-5
-5
-4
-5
-16
6
-16
-5
-16
26
-16
26
-16
6
-11
-16
-5
6
-16
26
-11
-5
-16
-11
-5
-5
-4
-16
-5
6
-4
-5
-4
-11
-5
-11
26
-5
-16
-5
-16
6
-16
6
-16
26
-4
-16
6
6
-4
-11
-16
-5
6
-4
-5
-16
-5
-5
-16
-4
6
6
-16
-16
-5
-5
-16
-16
-5
-5
-4
-16
-5
-5
-4
-16
6
-16
-5
-16
26
-11
-5
-4
-5
-11
-5
-16
6
26
-16
-16
-5
-5
-16
6
-4
-16
-5
-16
-5
-5
-16
-16
26
6
-4
26
-16
-16
26
6
-16
-16
6
-5
-4
-11
-5
-11
-5
6
-4
-11
6
-11
26
-5
-11
-11
26
6
-4
-5
-16
-5
-16
26
-16
-16
26
26
-4
-11
-5
-16
6
-5
-16
26
-4
-5
-16
-5
-16
-16
26
-4
26
-11
26
-16
-5
-5
-16
-11
6
-5
-4
-11
-5
-11
0
0
0
26
0
-14
-14
-23
0
-14
0
-23
-3
-24
-14
0
0
-3
0
-8
26
-28
0
-12
14
-3
-8
-12
-3
-8
-20
-6
-3
-14
-3
10
-20
-3
-8
-12
0
8
-16
0
-10
-28
0
26
26
-3
-12
8
-23
-12
10
0
-12
-18
0
-14
-22
-18
26
26
14
-8
8
8
-6
24
0
-8
-28
-8
-22
0
-14
-16
-14
0
-6
0
0
-20
-20
30
-14
22
-4
-14
-8
-12
-3
-3
-14
-8
-4
-3
-11
-20
-3
0
-6
-20
8
-8
-32
24
0
30
0
-4
-12
-6
8
0
-3
-2
-16
-3
-14
-23
-8
-23
14
-3
-8
-8
-18
0
-3
-21
-12
-12
-3
-12
-8
0
-3
-8
-8
-15
-23
24
-10
30
-20
0
-11
-23
-8
-10
-2
-11
-3
-14
-24
-14
-3
-12
0
-3
-14
-8
-8
-23
-20
22
24
8
-12
-3
0
26
0
-3
10
-23
-3
-5
0
0
-18
-10
0
24
-14
-8
-15
-3
-8
-12
-16
-8
-3
-8
-2
-8
0
-18
-4
-4
-20
-6
-6
-4
-4
-10
-4
-2
-10
-3
-3
-18
-3
-3
-20
4
-3
-26
-6
-2
-16
-6
-3
-2
-2
-28
-3
-2
-20
-3
-20
14
-6
-20
-4
-3
-2
-6
-20
-6
-18
-6
-3
-6
-20
-20
-4
-2
-16
-16
-8
-6
-14
-4
-20
-20
-2
-3
-6
-20
-4
-3
-20
-4
-28
-6
-2
-2
-20
-20
-3
-6
-4
-6
-3
-3
-3
-6
-3
-6
-2
-4
-18
-2
-20
-20
-6
-20
-20
-20
-4
-16
-4
-3
-3
-22
-6
-20
-4
-4
-6
-2
-8
-20
-20
-20
-20
-24
-2
-3
-6
-6
-20
-34
-20
-20
-20
-3
-3
14
-6
-4
-6
-16
-20
-2
-6
-28
-3
-24
-6
-20
-4
-20
-3
-20
-2
-3
-6
-3
-14
-24
-20
-20
-3
-6
-20
-3
-4
-4
-24
-4
-3
-4
-20
-3
-3
-24
-6
-4
-3
-6
-4
-24
-20
-6
-3
-20
-20
-6
-4
-3
-6
-20
-16
-3
-20
-28
-24
-4
-6
-20
-3
-6
-2
-20
-20
-18
-2
4
-20
-20
-6
-3
-34
-34
-18
-6
-6
-22
-6
-20
-2
-4
-6
-20
-6
-16
-6
-6
-6
-20
-20
-10
-20
-3
-32
-20
-3
-6
-4
-20
-6
-3
-3
-6
-20
-3
-3
-3
-11
-9
-2
-4
-4
-20
-22
6
-20
-1
-20
-18
16
-20
-4
-3
-3
-22
-3
-2
-4
-16
-14
-6
-6
-6
-6
-15
-20
-3
-6
-3
-3
-10
-6
-3
-4
-14
-8
-3
-4
-3
-3
-6
-30
-20
-17
-2
-20
-6
-3
-18
-2
-8
-22
-18
-24
-10
-26
-3
-3
12
-6
-6
-6
-3
-4
-3
-4
-2
-6
-6
-20
-3
-20
-6
-22
-20
-6
-20
-28
-4
-8
-20
-4
-6
-2
-6
-18
-20
-6
-8
-4
-8
-20
-16
-30
-4
-32
-6
-20
-20
-4
-2
-4
-4
-20
-6
-20
-7
-6
-3
-2
-20
-20
-3
-3
-6
-2
-26
-20
-6
-6
-3
-20
-6
-4
-2
-10
-25
-3
-3
-4
-3
-6
-3
-3
4
-6
-3
-6
-3
-3
-6
-20
-4
-20
-6
-3
-6
-20
-20
-18
-29
-20
-4
-6
-3
-15
-18
-3
0
-15
-15
-6
-12
-8
-22
18
10
12
6
14
0
6
14
18
26
10
2
22
12
4
6
14
14
-20
18
-8
6
12
0
4
0
10
22
-2
28
28
-4
14
22
-16
24
10
10
12
18
16
14
22
14
18
-4
-6
14
24
16
22
14
24
14
8
12
12
-2
12
10
4
26
12
26
14
20
16
6
18
0
20
10
18
10
6
20
30
10
12
20
18
10
26
-4
8
26
12
22
-2
16
24
16
22
22
-4
22
10
24
26
16
-4
18
6
28
30
18
10
26
-8
20
14
22
8
-2
10
24
14
22
10
32
22
26
8
22
4
24
32
14
20
10
14
6
12
12
14
8
2
18
8
20
4
26
32
10
24
12
16
-1
12
12
12
0
0
10
12
24
16
6
26
12
8
22
14
20
4
16
16
10
-14
8
22
2
12
-4
32
8
2
8
12
12
0
4
20
18
22
4
10
8
-14
-10
8
16
6
22
16
24
14
10
6
-10
