v
-6
-4
-2
-10
-10
-20
-4
-14
-2
-8
-3
-3
-8
-4
-8
-22
-6
-10
-16
-8
-3
-14
-3
-2
-14
-8
-3
-4
-2
-4
-3
-3
-8
-8
-6
-8
-3
-4
-8
20
-10
-3
-8
-14
-14
-3
-3
-8
22
-8
-4
-3
-10
-3
-3
-2
-28
-8
-2
-6
-8
-8
-8
-2
-3
-3
-6
-14
-10
-6
-4
-8
-8
-8
-3
-10
-12
-3
-2
-2
-8
-2
-8
-10
-18
0
-16
-2
-3
-8
-3
-10
-8
-3
-2
-4
-8
-8
-3
-4
-10
-3
-3
-10
-10
22
-3
-3
-6
-8
-8
-32
-18
22
-8
-3
22
-3
-4
-2
-8
-16
-10
-3
-3
-2
-2
-18
-3
-2
-8
-8
-3
-8
-6
-3
-4
-22
-8
-20
-8
-3
-6
-2
-9
-3
-8
-22
-8
-8
-8
-8
-3
-8
-8
-3
-2
-6
-6
-6
-8
-8
-2
-4
-3
-8
-8
-8
-3
-3
-8
-8
-6
-3
-8
-3
-3
-23
-3
-8
-8
-8
-3
-8
-8
-6
-18
-4
-14
-12
-8
-18
-3
-18
-18
-3
-6
-8
-8
-14
-4
-4
-20
-6
-4
-6
-2
-6
-2
-8
-3
-2
-3
-3
-3
-3
-3
-3
-2
-28
-6
-3
-6
-3
-22
-3
-28
-3
-3
-6
-3
-16
-6
-4
-3
-4
-3
-2
-12
-3
-6
-3
-3
-3
14
-3
-6
-3
-4
-2
-6
-3
-3
-12
-6
-3
-4
-3
-3
-3
-2
-3
-4
-3
-3
-4
-2
-4
-28
-6
-3
-6
-2
-3
-3
-6
-6
-2
-18
-6
-6
-3
14
-3
-18
-6
-4
-6
-3
-2
-28
-3
-3
-6
-3
-3
-3
-4
-20
-2
-11
-3
-4
-3
-8
-24
-6
-18
-6
-4
-24
-16
-34
0
-6
-6
-3
-3
-6
-6
-3
-2
-4
-3
-3
-3
-6
-3
-3
-3
-24
-4
-24
-28
-3
-28
-3
-6
-3
-3
-3
-3
-4
-2
-4
-24
-3
-3
-3
-16
-6
-4
-6
-4
-20
-6
-24
-6
-24
-28
-4
-6
-28
-2
-20
-28
-6
-4
-18
-3
-3
-3
-3
-6
-3
-3
-3
-3
-3
-3
-3
-3
-18
-3
-3
-3
-3
-3
-3
-3
-3
-3
-3
-3
-3
-10
-34
-34
-10
-28
-22
-6
-3
-3
-6
-6
-3
-4
-3
-2
0
-6
-6
-6
-3
-3
-3
-10
-3
-3
-6
-3
-20
-3
-4
-3
-10
-3
-6
-3
-3
-6
-10
-22
-6
-6
-4
-2
-3
-4
-4
-3
-3
-3
-4
-10
-12
-3
-3
-6
-30
-3
-3
-7
-6
-20
-3
-28
-2
-12
-18
-18
-4
-6
-6
-3
-32
-14
-6
-2
-4
-3
-14
-3
-6
-3
-6
-3
-3
0
-3
-4
-16
-30
-30
-3
-3
-3
-2
-12
-20
-3
-6
-10
-14
-6
-3
-3
-4
-6
-3
-6
-3
-8
-3
-4
-6
-24
-3
-3
-3
-2
-6
-3
-3
-16
-8
-6
-30
-3
-3
-30
-10
-30
-30
0
-2
-3
-8
-3
-6
-3
-16
-3
-6
-10
-2
-4
-4
-3
-2
-3
-3
-8
-3
-6
-4
-6
-7
-3
-3
-2
-28
-3
-2
-3
-6
-6
-2
-3
-3
-3
-6
-3
-3
-6
-6
-4
-4
-3
-3
-12
-6
-6
-3
-6
-6
-3
-22
-22
-3
-6
-4
-6
-18
-10
-3
-3
-3
-3
-16
-3
-10
-24
-3
-28
-3
-16
-12
-26
-26
16
5
16
5
16
5
4
-26
16
-6
16
5
16
-26
11
-6
16
-26
5
11
16
5
11
5
11
5
5
4
5
16
-6
16
5
16
-26
16
-26
16
-6
11
16
5
-6
16
-26
11
5
16
11
5
5
4
16
5
-6
4
5
4
11
5
11
-26
5
16
5
16
-6
16
-6
16
-26
4
16
-6
-6
4
11
16
5
-6
4
5
16
5
5
16
4
-6
-6
16
16
5
5
16
16
5
5
4
16
5
5
4
16
-6
16
5
16
-26
11
5
4
5
11
5
16
-6
-26
16
16
5
5
16
-6
4
16
5
16
5
5
16
16
-26
-6
4
-26
16
16
-26
-6
16
16
-6
5
4
11
5
11
5
-6
4
11
-6
11
-26
5
11
11
-26
-6
4
5
16
5
16
-26
16
16
-26
-26
4
11
5
16
-6
5
16
-26
4
5
16
5
16
16
-26
4
-26
11
-26
16
5
5
16
11
-6
5
4
11
5
11
22
14
20
28
16
20
26
20
-8
12
6
16
20
28
8
-20
22
16
6
16
32
8
24
14
8
12
14
14
18
8
24
6
1
10
10
8
12
7
18
6
16
10
-4
24
-8
12
26
28
18
12
24
18
26
24
22
8
10
10
18
22
20
10
32
17
0
28
14
30
12
4
8
18
24
10
-2
18
10
22
0
22
20
0
14
16
16
10
18
22
0
12
14
28
16
-4
12
8
14
4
18
16
10
20
8
18
14
8
6
2
28
16
18
8
2
12
18
28
26
10
24
16
16
6
24
8
6
-6
14
30
34
18
24
10
20
18
10
22
-2
16
20
24
0
32
8
18
8
22
14
24
14
18
14
18
20
2
6
24
-14
18
14
15
-6
22
2
14
6
24
18
18
6
6
-20
16
16
6
4
16
32
28
26
22
12
2
6
-4
8
24
6
10
-2
22
-14
22
20
16
16
8
24
20
6
26
