v
22
6
3
3
6
6
3
4
3
2
0
6
6
6
3
3
3
10
3
3
6
3
20
3
4
3
10
3
6
3
3
6
10
22
6
6
4
2
3
4
4
3
3
3
4
10
12
3
3
6
30
3
3
7
6
20
3
28
2
12
18
18
4
6
6
3
32
14
6
2
4
3
14
3
6
3
6
3
3
0
3
4
16
30
30
3
3
3
2
12
20
3
6
10
14
6
3
3
4
6
3
6
3
8
3
4
6
24
3
3
3
2
6
3
3
16
8
6
30
3
3
30
10
30
30
0
2
3
8
3
6
3
16
3
6
10
2
4
4
3
2
3
3
8
3
6
4
6
7
3
3
2
28
3
2
3
6
6
2
3
3
3
6
3
3
6
6
4
4
3
3
12
6
6
3
6
6
3
22
22
3
6
4
6
18
10
3
3
3
3
16
3
10
24
3
28
3
16
12
26
6
22
6
20
2
4
6
20
6
16
6
6
6
20
20
10
20
3
32
20
3
6
4
20
6
3
3
6
20
3
3
3
11
9
2
4
4
20
22
-6
20
1
20
18
-16
20
4
3
3
22
3
2
4
16
14
6
6
6
6
15
20
3
6
3
3
10
6
3
4
14
8
3
4
3
3
6
30
20
17
2
20
6
3
18
2
8
22
18
24
10
26
3
3
-12
6
6
6
3
4
3
4
2
6
6
20
3
20
6
22
20
6
20
28
4
8
20
4
6
2
6
18
20
6
8
4
8
20
16
30
4
32
6
20
20
4
2
4
4
20
6
20
7
6
3
2
20
20
3
3
6
2
26
20
6
6
3
20
6
4
2
10
25
3
3
4
3
6
3
3
-4
6
3
6
3
3
6
20
4
20
6
3
6
20
20
18
29
20
4
6
3
15
18
3
0
15
15
6
12
8
22
24
10
18
18
14
20
27
26
22
34
18
28
10
14
24
26
12
22
28
4
24
20
32
36
20
30
22
26
16
24
30
22
23
32
22
32
26
33
14
28
10
26
34
18
18
24
24
28
30
6
28
14
32
24
28
8
24
36
18
24
32
22
31
28
26
28
15
18
26
20
33
26
28
28
26
22
20
26
36
24
21
22
22
10
24
16
26
26
18
24
27
18
24
24
22
24
32
26
28
27
26
26
22
26
14
34
26
24
16
26
35
28
30
12
18
24
12
12
12
26
20
30
34
24
24
30
32
30
22
35
24
20
24
33
16
5
12
20
24
26
25
8
26
22
20
30
28
10
8
26
32
16
20
22
24
30
22
34
18
20
18
30
20
30
18
32
28
22
27
14
20
32
14
26
18
34
22
33
26
14
30
12
10
27
22
10
22
16
28
24
24
16
30
24
28
30
24
14
30
36
0
-2
26
-16
4
16
22
8
28
17
20
16
-16
6
2
12
-22
16
6
4
6
6
-10
26
10
14
32
10
22
-16
-18
26
2
-16
-13
24
12
-8
6
22
10
4
22
22
12
4
22
18
6
0
20
4
20
-12
24
2
18
12
8
12
22
8
22
2
18
-18
4
4
12
4
-12
-14
-14
28
4
6
20
-24
0
-14
24
0
0
-12
0
0
22
18
12
12
-8
-16
8
10
28
20
16
6
22
20
16
18
14
0
10
22
-8
10
32
-2
14
18
26
4
10
2
22
18
20
10
34
22
28
6
12
6
22
12
4
0
-15
10
2
18
20
18
-2
6
0
-14
14
18
4
6
18
0
14
10
30
8
18
6
12
16
2
10
14
6
24
18
8
14
16
6
12
-4
20
18
20
-14
18
18
12
20
-8
-6
12
20
20
20
22
16
-12
4
6
12
28
14
28
20
8
8
10
4
18
6
12
20
6
18
20
6
-16
0
14
2
18
24
16
-26
-22
-18
4
-12
-14
12
-6
-2
12
1
22
26
-16
12
14
-18
-14
16
-12
-16
-2
-10
-14
16
10
0
-4
-18
10
22
20
-12
22
14
-22
14
28
-14
-20
16
-16
2
-8
8
30
-12
-8
-8
2
16
-12
12
22
20
-22
-26
-4
2
14
10
-8
18
-12
-6
14
0
-30
6
28
-12
-22
0
28
2
0
-8
-8
19
20
6
-28
-12
8
-18
4
-16
-28
-10
28
-8
6
12
6
6
-16
-4
6
4
-8
4
-4
-26
-14
20
-10
14
8
-10
14
8
-28
-20
0
1
6
6
12
-20
18
-6
14
10
4
-14
2
-8
6
-26
-28
-12
6
-4
2
16
0
-18
-2
-18
6
-22
-1
18
-20
8
-10
-12
24
-16
4
-20
2
-10
0
14
0
-6
-10
-14
-12
-24
-8
-10
16
6
4
-18
-16
18
6
12
22
0
-16
-4
6
12
6
-16
0
14
-8
-20
-10
10
-20
-4
-6
18
12
-4
