v
28
11
30
30
1
32
30
28
18
16
2
12
32
30
-12
29
0
32
19
-20
16
28
32
32
30
6
16
12
18
-16
16
4
11
18
7
12
2
12
18
6
1
9
11
32
4
8
12
1
32
11
18
18
2
6
18
19
10
30
-20
32
32
12
30
32
18
4
16
28
-6
-8
26
18
4
10
14
-8
-20
18
13
20
16
-20
11
7
16
32
6
4
30
16
-12
-6
11
0
-18
16
26
28
16
-12
28
16
-8
26
10
18
18
11
12
16
11
11
-18
16
24
14
1
11
28
30
18
20
4
16
14
-8
30
-8
-24
18
10
1
16
26
10
6
10
24
4
28
-8
30
1
30
6
0
4
-8
13
12
30
18
-8
-18
1
-12
14
-2
14
12
4
24
16
24
4
12
18
2
12
30
12
32
28
-8
-18
4
16
32
0
18
0
16
32
-32
16
1
6
24
30
12
18
30
10
-2
18
14
-20
-6
18
13
22
-12
22
4
14
14
26
30
28
6
30
22
-20
22
7
-6
27
18
12
28
18
10
29
30
-20
26
22
14
18
28
12
20
30
7
9
-2
30
4
-20
2
18
30
-10
4
30
28
10
2
-6
30
4
-4
-6
12
-8
9
30
22
17
-18
30
28
22
10
14
14
4
16
-20
-6
-8
4
25
-8
-10
22
6
28
28
28
6
20
13
7
-18
30
14
28
-20
28
-22
-10
30
-18
-12
-12
-18
14
26
30
6
16
10
20
16
16
30
14
14
10
8
17
28
12
-8
-8
16
16
20
14
28
12
22
28
18
28
12
18
10
20
30
30
26
16
-22
4
28
2
-2
28
30
-18
-8
12
22
13
10
-8
-8
22
6
-12
-22
16
28
12
22
12
28
-32
-18
-8
24
30
28
-22
22
6
30
12
-18
-8
2
-18
30
-20
28
12
20
22
-6
26
18
18
30
-22
-2
4
-2
-12
-8
20
30
24
6
28
28
30
28
13
18
32
32
8
32
15
20
28
16
28
14
35
22
34
6
18
18
24
26
28
26
20
20
14
26
22
22
28
24
26
14
20
20
16
22
28
22
30
27
26
30
18
26
20
14
24
18
26
8
30
10
18
24
26
20
30
22
16
20
30
20
24
20
15
12
20
14
29
14
26
36
22
35
33
28
12
24
26
25
30
22
8
12
16
27
24
10
28
20
28
30
26
26
26
4
18
27
18
28
29
24
20
20
12
12
24
8
20
18
24
20
18
30
28
24
14
18
16
32
24
28
18
16
26
10
22
26
32
24
29
28
8
30
27
30
18
18
22
16
30
12
20
16
12
26
36
22
26
28
20
12
24
20
12
30
14
20
28
33
18
32
16
6
14
24
12
6
10
14
24
26
22
18
34
12
4
18
30
18
14
22
26
24
18
28
34
6
36
24
16
26
20
30
28
16
26
36
16
26
28
-28
-5
9
-6
8
14
-16
6
-14
-3
-2
2
-8
12
-18
18
-10
-16
4
-22
24
-7
-26
22
18
-13
4
-18
14
-2
-10
20
-16
2
-17
-12
18
-10
22
-10
-24
-22
-16
-10
-18
-4
-2
-20
-30
-18
-6
16
-10
0
8
-6
-26
-8
8
-14
14
-4
22
-26
19
20
-10
-24
-10
6
-28
-12
8
-12
-2
-22
2
-14
-6
-22
-16
-8
-2
6
-15
-22
-4
12
-4
-16
22
-18
12
-10
-24
0
-6
24
-12
2
6
-18
-18
-20
-16
-12
4
-12
23
2
-17
-22
-6
14
-12
28
-14
-18
16
-2
-22
-24
-20
-6
-2
-14
2
18
-20
-16
-28
2
-26
18
26
-16
-2
0
-12
-14
-6
-27
14
-8
29
6
-24
-5
-14
-18
-28
-2
-26
10
-6
28
-4
-26
18
-8
-10
-14
14
16
-20
-18
14
-10
-11
6
18
-22
-10
-4
-12
-18
-10
-4
-1
-14
-6
0
-10
-35
-6
-18
-8
-24
-6
-22
8
14
18
-6
-8
-18
-10
-24
18
16
-22
-24
-26
-22
-10
-4
-2
-4
-14
-30
-14
16
-26
-2
-8
-28
12
-16
4
-22
21
22
-12
32
4
-16
-10
-10
-26
2
-14
-13
28
-22
-6
-8
-10
-22
0
-16
-18
-24
18
-18
14
-24
-4
-22
-6
-22
-12
-26
-16
-16
-2
-4
14
20
-18
12
22
7
24
-8
20
16
20
20
2
-22
4
7
-16
-26
-2
-1
-2
14
-12
-18
-28
1
1
-6
-13
-8
-4
16
-12
-16
-2
-10
-6
-30
8
12
18
-12
-22
-28
17
-18
-14
10
-26
-32
-20
24
-18
-26
-18
-4
-22
-18
21
-16
16
14
-12
-18
-12
-4
-2
0
-32
-6
-2
-28
14
10
-26
-20
-30
22
-16
-19
-4
-28
0
8
22
2
12
-10
4
-22
-13
10
-6
-16
15
-14
-14
-12
-6
-14
-2
4
-10
-18
-2
30
-10
-22
-28
4
-18
-18
-14
-30
-6
-4
-14
-24
2
-26
4
-18
9
30
10
-4
18
8
-6
-20
-22
-2
-32
-2
-8
-18
10
28
16
-17
-6
-10
-12
12
