v
-22
-36
-25
-10
-18
-13
-4
-17
-14
-7
-22
14
-14
-2
-22
-14
-6
-12
-6
-9
-13
-20
-8
18
-6
-3
22
-34
-19
-12
-12
-4
-22
-4
-20
-24
-13
-2
-2
-22
-34
-1
-6
-20
-28
-22
-12
-14
-22
-25
-20
-6
-20
-13
-16
-10
-6
-1
-10
-23
-20
-20
-32
-14
-6
-21
-18
-14
-10
-25
-2
-18
-4
-27
-14
-17
-33
-12
-2
-9
-21
-2
12
-1
-30
-18
-16
-28
-20
-4
-14
12
-13
-6
-21
-4
-22
-14
-22
-10
-32
-14
-13
-18
-15
-12
-2
-30
-13
-4
-16
-14
-13
-22
-16
-35
-20
-14
10
-24
-26
-19
10
-18
-2
-10
-26
-2
-1
-6
-12
-22
-32
10
-30
-32
-9
-14
-6
-1
-20
-22
18
-17
-4
-10
-14
-22
-30
-5
18
-18
-2
-15
-11
-8
-2
-18
-9
-18
-6
16
10
-32
-3
-6
-20
-4
-17
-2
-16
-2
-29
-30
10
-16
-2
-26
0
-8
-12
-16
-33
-20
-31
-16
-20
-4
-12
-32
14
-22
-1
-4
22
8
-4
-18
-32
-28
-34
-30
-30
-10
-10
-1
-26
-1
14
-5
-10
-12
-5
-30
-1
-14
-16
-24
-16
-27
-10
-12
-10
-11
-28
-28
-16
-12
-1
-32
-12
14
-18
-12
-18
-28
-6
-6
-12
-10
-12
-34
-1
-12
-16
-24
-1
-30
-1
-34
-6
32
-34
-12
-12
-10
-34
-6
-30
-30
-22
-1
-18
24
-32
-28
-16
-12
-12
-12
-1
-4
-30
-16
-30
-1
-32
-12
-5
-34
-26
-10
-2
-34
-1
-2
-18
-34
-1
-1
-5
-6
-30
-18
-16
-34
-29
-1
-6
-16
-12
-12
-1
-1
-28
-2
-24
-10
-10
-34
-18
-18
-19
-12
-16
-1
-2
-18
-12
-1
-10
-28
-30
-6
-19
-5
-6
-5
-24
-6
-27
-13
-12
-32
-8
-28
-1
-18
-8
-1
-24
-6
-34
-12
-28
-32
-16
-12
-1
-14
-10
-6
-27
-28
-34
-34
-14
-12
-13
-18
-28
-12
-12
-12
-25
-2
-12
-13
-30
-30
-5
-5
-30
-5
-18
-6
-10
-16
-12
-6
32
-5
-2
-1
-12
-2
-28
-5
-18
-12
-16
-1
-12
-12
-1
-1
-6
-10
-8
-10
-28
-11
-30
-30
-1
-32
-30
-28
-18
-16
-2
-12
-32
-30
12
-29
0
-32
-19
20
-16
-28
-32
-32
-30
-6
-16
-12
-18
16
-16
-4
-11
-18
-7
-12
-2
-12
-18
-6
-1
-9
-11
-32
-4
-8
-12
-1
-32
-11
-18
-18
-2
-6
-18
-19
-10
-30
20
-32
-32
-12
-30
-32
-18
-4
-16
-28
6
8
-26
-18
-4
-10
-14
8
20
-18
-13
-20
-16
20
-11
-7
-16
-32
-6
-4
-30
-16
12
6
-11
0
18
-16
-26
-28
-16
12
-28
-16
8
-26
-10
-18
-18
-11
-12
-16
-11
-11
18
-16
-24
-14
-1
-11
-28
-30
-18
-20
-4
-16
-14
8
-30
8
24
-18
-10
-1
-16
-26
-10
-6
-10
-24
-4
-28
8
-30
-1
-30
-6
0
-4
8
-13
-12
-30
-18
8
18
-1
12
-14
2
-14
-12
-4
-24
-16
-24
-4
-12
-18
-2
-12
-30
-12
-32
-28
8
18
-4
-16
-32
0
-18
0
-16
-32
32
-16
-1
-6
-24
-30
-12
-18
-30
-10
2
-18
-14
20
6
-18
-13
5
24
7
24
5
24
5
24
7
24
7
10
7
10
7
10
7
24
5
10
5
10
7
10
5
10
5
24
7
10
5
24
5
24
7
24
24
5
7
10
5
24
5
24
5
24
5
24
5
7
24
10
7
24
10
5
7
24
5
24
7
10
5
10
5
10
5
24
5
24
7
10
7
24
24
5
7
24
5
24
7
24
7
24
24
7
5
24
5
24
7
24
7
24
7
24
5
24
5
10
5
24
7
10
5
24
7
10
24
7
7
24
5
24
5
10
5
10
24
24
5
7
5
10
7
24
5
10
5
10
7
24
7
24
5
10
5
10
5
24
7
24
7
24
5
10
5
24
24
5
5
24
5
24
5
24
7
24
7
10
10
5
5
24
5
24
7
24
5
10
5
10
7
10
7
7
24
24
5
24
5
10
7
24
7
10
5
10
10
5
5
24
7
10
7
24
5
10
7
10
9
18
10
16
0
16
17
-24
12
30
12
6
-2
10
8
18
33
14
-4
18
30
22
4
22
-12
14
10
16
0
30
20
10
18
28
-10
16
24
14
10
20
12
20
2
10
6
22
22
8
-2
14
18
10
8
8
4
28
10
18
26
24
10
14
-14
6
10
30
4
2
32
25
4
14
4
14
6
0
2
-4
14
2
-2
-10
12
22
6
24
4
8
18
20
12
18
18
12
26
12
14
16
14
13
12
6
10
12
4
10
16
6
20
10
2
26
12
18
-8
-4
20
8
-4
0
22
2
-8
6
-12
18
16
16
7
13
26
26
4
12
26
22
0
8
8
8
14
4
6
0
20
12
-16
0
8
16
12
16
0
17
14
9
8
-6
-4
4
14
28
18
10
26
-8
14
14
12
8
8
-4
14
18
12
14
-4
14
-2
26
2
-6
14
28
22
2
22
14
28
6
22
0
6
28
14
22
-16
-20
20
22
