v
-9
-18
-10
-16
0
-16
-17
24
-12
-30
-12
-6
2
-10
-8
-18
-33
-14
4
-18
-30
-22
-4
-22
12
-14
-10
-16
0
-30
-20
-10
-18
-28
10
-16
-24
-14
-10
-20
-12
-20
-2
-10
-6
-22
-22
-8
2
-14
-18
-10
-8
-8
-4
-28
-10
-18
-26
-24
-10
-14
14
-6
-10
-30
-4
-2
-32
-25
-4
-14
-4
-14
-6
0
-2
4
-14
-2
2
10
-12
-22
-6
-24
-4
-8
-18
-20
-12
-18
-18
-12
-26
-12
-14
-16
-14
-13
-12
-6
-10
-12
-4
-10
-16
-6
-20
-10
-2
-26
-12
-18
8
4
-20
-8
4
0
-22
-2
8
-6
12
-18
-16
-16
-7
-13
-26
-26
-4
-12
-26
-22
0
-8
-8
-8
-14
-4
-6
0
-20
-12
16
0
-8
-16
-12
-16
0
-17
-14
-9
-8
6
4
-4
-14
-28
-18
-10
-26
8
-14
-14
-12
-8
-8
4
-14
-18
-12
-14
4
-14
2
-26
-2
6
-14
-28
-22
-2
-22
-14
-28
-6
-22
0
-6
-28
-14
-22
16
20
-20
-22
-16
-28
-6
-18
-16
0
-16
24
-22
-16
-16
-24
2
-6
-22
-8
-33
-12
4
-18
-32
-22
-10
-22
-18
-16
-22
-10
-20
-28
-10
-20
-18
-28
-4
-16
-24
-29
-12
-14
-1
-20
-2
-24
-6
-18
-10
-8
-4
-26
-16
-12
-4
-8
-28
-8
-20
-12
-28
-10
-2
-14
-28
-12
-22
0
-20
-16
-8
-32
-4
-14
-14
6
0
-6
-2
-10
-16
2
-4
-26
-18
-22
2
-18
-14
-20
-18
-26
2
2
-12
-22
-22
-23
-18
-16
-12
-20
-18
-6
-11
-22
-10
-20
-8
-16
-2
-20
-6
-26
-20
-6
8
-20
-10
-20
0
-22
-10
-12
-12
-6
1
-24
-16
-16
-6
-27
-26
-26
-12
-4
-26
-22
-12
0
-18
-4
0
-12
-2
0
-28
-12
-14
0
-4
-2
-12
-16
0
14
-9
-12
-2
-2
-26
2
0
-10
4
0
-12
-16
-20
-22
-12
-8
-16
-18
-5
-18
-30
-12
11
-22
-18
6
-10
-12
-10
0
-22
-10
-26
-6
-10
-16
-16
4
4
-18
-8
-4
-18
-10
-22
-20
-30
-12
-14
-32
-32
-12
-16
-16
-16
-10
-14
-24
-18
-24
-30
-20
-26
-34
-12
-23
-6
-28
-19
-24
-10
-34
-26
-26
-10
-14
-18
-26
-18
-24
-23
-22
-23
-28
-26
-22
-36
-28
-22
-8
-34
-18
-20
-16
-18
-8
-18
-26
-22
-31
-26
-18
-20
-30
-20
-32
-31
-26
-21
-20
-32
-32
-30
-12
-20
-30
-16
-18
-33
-20
-10
-13
-22
-14
-28
-17
-13
-10
-12
-14
-16
-28
-17
-10
-18
-16
-28
-26
-28
-14
-24
-14
-22
-18
-12
-12
-24
-18
-33
-16
-18
-16
-18
-10
-18
-14
-12
-22
-10
-32
-27
-20
-24
-8
-17
-18
-26
-28
-24
-20
-32
-14
-18
-32
-24
-12
-26
-30
-32
-18
-28
-34
-26
-18
-14
-6
-12
-28
-10
-16
-30
-14
-29
-19
-18
-18
-16
-22
-10
-20
-20
-22
-25
-25
-8
-22
-12
-22
-20
-24
-30
-20
-22
-25
-14
-20
-26
-16
-34
-20
-12
-12
-8
-28
-24
-20
-16
-20
-29
-14
-14
-20
-16
-30
-30
-20
-25
-32
-32
-16
-12
-14
-10
-26
-26
-16
-16
-18
-14
-33
-18
-12
-34
-4
-29
-36
-18
-24
-16
-14
-22
-36
-14
-28
-14
-16
-6
-16
-16
-24
-26
-6
-20
-36
-22
-28
-25
-28
-20
-24
-22
-26
-24
-34
-22
-20
-24
-18
-16
-27
-32
-20
-24
-14
-6
-30
-26
-22
-28
-26
-14
-30
-12
-22
-24
-30
-32
-26
-12
-22
-18
-26
-16
-28
-26
-28
-30
-16
-10
-25
-23
-12
-10
-6
-34
-22
-24
-12
-22
-8
-20
-18
-24
-4
-8
-18
-24
-10
-22
-14
-12
-22
-26
-14
-18
-24
-6
-22
-26
-12
-30
-30
-20
-10
-24
-20
-19
-10
-28
-12
-36
-20
-8
-8
-22
-16
-26
-20
-26
-22
-12
-22
-24
-30
-28
-28
-26
-16
-20
-30
-26
-12
-34
-22
-22
-22
-28
-16
-22
-20
-24
-18
-28
-22
-17
-32
-20
-30
-28
-16
-21
-26
-28
-25
-18
-26
-12
-6
-16
-12
-20
-16
-20
-14
-22
-14
-28
-20
-18
-16
-32
-12
-24
-28
-20
-8
-28
-16
-20
-10
-32
-27
-22
-22
-16
-22
-16
-28
-32
-32
-22
-22
-32
-20
-16
-10
-18
-32
-32
-8
-32
-15
-20
-28
-16
-28
-14
-35
-22
-34
-6
-18
-18
-24
-26
-28
-26
-20
-20
-14
-26
-22
-22
-28
-24
-26
-14
-20
-20
-16
-22
-28
-22
-30
-27
-26
-30
-18
-26
-20
-14
-24
-18
-26
-8
-30
-10
-18
-24
-26
-20
-30
-22
-16
-20
-30
-20
-24
-20
-15
-12
-20
-14
-29
-14
-26
-36
-22
-35
-33
-28
-12
-24
-26
-25
-30
-22
-8
-12
-16
-27
-24
-10
-28
-20
-28
-30
-26
-26
-26
-4
-18
-27
-18
-28
-29
-24
-20
-20
-12
-12
-24
-8
-20
-18
-24
-20
-18
-30
-28
-24
-14
-18
-16
-32
-24
-28
-18
-16
-26
-10
-22
-26
-32
-24
-29
-28
-8
-30
-27
-30
-18
-18
-22
-16
-30
-12
-20
-16
-12
-26
-36
-22
-26
-28
-20
-12
-24
-20
-12
-30
-14
-20
-28
-33
-18
-32
-16
-6
-14
-24
-12
-6
-10
-14
-24
-26
-22
-18
-34
-12
-4
-18
-30
-18
-14
-22
-26
-24
-18
-28
-34
-6
-36
-24
-16
-26
-20
-30
-28
-16
-26
-36
-16
-26
-28
