v
-22
-14
-20
-28
-16
-20
-26
-20
8
-12
-6
-16
-20
-28
-8
20
-22
-16
-6
-16
-32
-8
-24
-14
-8
-12
-14
-14
-18
-8
-24
-6
-1
-10
-10
-8
-12
-7
-18
-6
-16
-10
4
-24
8
-12
-26
-28
-18
-12
-24
-18
-26
-24
-22
-8
-10
-10
-18
-22
-20
-10
-32
-17
0
-28
-14
-30
-12
-4
-8
-18
-24
-10
2
-18
-10
-22
0
-22
-20
0
-14
-16
-16
-10
-18
-22
0
-12
-14
-28
-16
4
-12
-8
-14
-4
-18
-16
-10
-20
-8
-18
-14
-8
-6
-2
-28
-16
-18
-8
-2
-12
-18
-28
-26
-10
-24
-16
-16
-6
-24
-8
-6
6
-14
-30
-34
-18
-24
-10
-20
-18
-10
-22
2
-16
-20
-24
0
-32
-8
-18
-8
-22
-14
-24
-14
-18
-14
-18
-20
-2
-6
-24
14
-18
-14
-15
6
-22
-2
-14
-6
-24
-18
-18
-6
-6
20
-16
-16
-6
-4
-16
-32
-28
-26
-22
-12
-2
-6
4
-8
-24
-6
-10
2
-22
14
-22
-20
-16
-16
-8
-24
-20
-6
-26
-18
-10
-12
-6
-14
0
-6
-14
-18
-26
-10
-2
-22
-12
-4
-6
-14
-14
20
-18
8
-6
-12
0
-4
0
-10
-22
2
-28
-28
4
-14
-22
16
-24
-10
-10
-12
-18
-16
-14
-22
-14
-18
4
6
-14
-24
-16
-22
-14
-24
-14
-8
-12
-12
2
-12
-10
-4
-26
-12
-26
-14
-20
-16
-6
-18
0
-20
-10
-18
-10
-6
-20
-30
-10
-12
-20
-18
-10
-26
4
-8
-26
-12
-22
2
-16
-24
-16
-22
-22
4
-22
-10
-24
-26
-16
4
-18
-6
-28
-30
-18
-10
-26
8
-20
-14
-22
-8
2
-10
-24
-14
-22
-10
-32
-22
-26
-8
-22
-4
-24
-32
-14
-20
-10
-14
-6
-12
-12
-14
-8
-2
-18
-8
-20
-4
-26
-32
-10
-24
-12
-16
1
-12
-12
-12
0
0
-10
-12
-24
-16
-6
-26
-12
-8
-22
-14
-20
-4
-16
-16
-10
14
-8
-22
-2
-12
4
-32
-8
-2
-8
-12
-12
0
-4
-20
-18
-22
-4
-10
-8
14
10
-8
-16
-6
-22
-16
-24
-14
-10
-6
10
-11
-24
-28
-26
-14
-8
-25
-26
-26
-18
-18
-12
-24
-4
-18
-10
-22
-22
-8
-30
-34
-32
-20
-24
-22
-20
-12
-14
-14
-6
-18
-34
-22
-26
-12
-22
-24
-14
-10
-13
-13
-16
-26
-20
-24
-20
-22
-16
-18
-23
-22
-16
-33
-24
-26
-8
-14
-16
-26
-32
-18
-36
-18
-30
-24
-34
-28
-14
-2
-20
-16
-12
-10
-12
-12
-24
-20
-29
-26
-22
-22
-18
-22
-33
-12
-20
-20
-18
-26
-23
-17
-20
-32
-26
-28
-16
-20
-20
-32
-22
-22
-18
-22
-16
-18
-12
-18
-4
-26
-16
-12
-28
-29
-6
-26
-36
-32
-22
-22
-34
-28
-18
-12
-32
-26
-27
-26
-18
-21
-30
-22
-26
-20
-20
-20
-18
-26
-26
-18
-29
-26
-27
-24
-18
-22
-16
-33
-20
-26
-26
-13
-22
-28
-16
-20
-32
-35
-18
-25
-16
-26
-22
-26
-20
-21
-24
-26
-34
-16
-31
-30
-12
-24
-12
-35
-16
-14
-18
-14
-30
-20
-25
-28
-22
-22
-10
-29
-28
-16
-22
-26
-22
-28
-24
-10
-20
-32
-22
-26
-14
-18
-24
-30
-14
-20
-24
-28
-26
-26
-33
-24
-12
-24
-24
-22
-24
-18
-28
-28
-16
-22
-24
-28
-18
-16
-12
-24
-22
-24
-24
-8
-14
-24
-12
-16
-24
-27
-34
-22
-34
-24
-18
-12
-24
-10
-30
-26
-14
-14
-26
-10
-24
-26
-36
-36
-36
-18
-21
-24
-28
-10
-12
-20
-28
-18
-28
-26
-18
-28
-24
-26
-32
-34
-25
-20
-18
-20
-8
-12
-8
-18
-26
-18
-32
-16
-32
-20
-36
-33
-18
-24
-24
-16
-14
-22
-28
-28
-8
-28
-22
-20
-8
-28
-19
-20
-18
-24
-16
-26
-20
-22
-27
-24
-14
-18
-30
-20
-32
-26
-32
-30
-28
-26
-20
-18
-28
-30
-14
-36
-22
-18
-18
-26
-32
-18
-26
-24
-34
-3
-10
-24
-24
-24
-22
-16
-28
-26
-24
-20
-32
-28
-2
-24
-22
-28
-8
-25
-35
-20
-18
-26
-28
-16
-24
-24
-16
-14
-24
-26
-32
-24
-34
-20
-31
-30
-24
-30
-34
-28
-23
-12
-10
-24
-20
-14
-28
-24
-30
-34
-23
-26
-8
-26
-20
-30
-22
-18
-24
-20
-20
-24
-10
-18
-18
-14
-20
-27
-26
-22
-34
-18
-28
-10
-14
-24
-26
-12
-22
-28
-4
-24
-20
-32
-36
-20
-30
-22
-26
-16
-24
-30
-22
-23
-32
-22
-32
-26
-33
-14
-28
-10
-26
-34
-18
-18
-24
-24
-28
-30
-6
-28
-14
-32
-24
-28
-8
-24
-36
-18
-24
-32
-22
-31
-28
-26
-28
-15
-18
-26
-20
-33
-26
-28
-28
-26
-22
-20
-26
-36
-24
-21
-22
-22
-10
-24
-16
-26
-26
-18
-24
-27
-18
-24
-24
-22
-24
-32
-26
-28
-27
-26
-26
-22
-26
-14
-34
-26
-24
-16
-26
-35
-28
-30
-12
-18
-24
-12
-12
-12
-26
-20
-30
-34
-24
-24
-30
-32
-30
-22
-35
-24
-20
-24
-33
-16
-5
-12
-20
-24
-26
-25
-8
-26
-22
-20
-30
-28
-10
-8
-26
-32
-16
-20
-22
-24
-30
-22
-34
-18
-20
-18
-30
-20
-30
-18
-32
-28
-22
-27
-14
-20
-32
-14
-26
-18
-34
-22
-33
-26
-14
-30
-12
-10
-27
-22
-10
-22
-16
-28
-24
-24
-16
-30
-24
-28
-30
-24
-14
-30
-36
