v
22
36
25
10
18
13
4
17
14
7
22
-14
14
2
22
14
6
12
6
9
13
20
8
-18
6
3
-22
34
19
12
12
4
22
4
20
24
13
2
2
22
34
1
6
20
28
22
12
14
22
25
20
6
20
13
16
10
6
1
10
23
20
20
32
14
6
21
18
14
10
25
2
18
4
27
14
17
33
12
2
9
21
2
-12
1
30
18
16
28
20
4
14
-12
13
6
21
4
22
14
22
10
32
14
13
18
15
12
2
30
13
4
16
14
13
22
16
35
20
14
-10
24
26
19
-10
18
2
10
26
2
1
6
12
22
32
-10
30
32
9
14
6
1
20
22
-18
17
4
10
14
22
30
5
-18
18
2
15
11
8
2
18
9
18
6
-16
-10
32
3
6
20
4
17
2
16
2
29
30
-10
16
2
26
0
8
12
16
33
20
31
16
20
4
12
32
-14
22
1
4
-22
-8
4
18
32
28
4
6
-14
21
20
7
-8
34
-33
32
21
13
-8
22
13
16
12
10
-11
16
8
12
13
-22
18
25
3
14
1
18
14
8
4
36
24
14
-8
9
5
14
6
14
2
8
-16
14
6
13
4
13
8
24
26
6
13
12
14
10
14
8
18
14
18
10
10
24
16
-11
2
8
16
26
14
16
5
14
20
20
8
8
24
12
14
16
3
32
4
22
10
4
12
9
22
11
34
30
-16
11
29
24
22
14
30
26
8
22
25
6
14
12
-8
20
8
18
22
6
13
32
-24
13
6
6
24
18
16
13
14
16
18
20
20
24
20
-16
32
16
22
4
11
-20
26
6
7
22
22
13
10
33
22
8
5
3
17
-16
-16
8
6
13
4
11
32
2
4
19
22
6
-18
3
26
2
16
-8
-8
28
12
14
12
18
-8
-8
24
2
0
-10
-14
6
24
8
4
14
23
4
32
21
32
12
30
-16
10
12
30
12
14
32
32
12
16
16
16
10
14
24
18
24
30
20
26
34
12
23
6
28
19
24
10
34
26
26
10
14
18
26
18
24
23
22
23
28
26
22
36
28
22
8
34
18
20
16
18
8
18
26
22
31
26
18
20
30
20
32
31
26
21
20
32
32
30
12
20
30
16
18
33
20
10
13
22
14
28
17
13
10
12
14
16
28
17
10
18
16
28
26
28
14
24
14
22
18
12
12
24
18
33
16
18
16
18
10
18
14
12
22
10
32
27
20
24
8
17
18
26
28
24
20
32
14
18
32
24
12
26
30
32
18
28
34
26
18
14
6
12
28
10
16
30
14
29
19
18
18
16
22
10
20
20
22
25
25
8
22
12
22
20
24
30
20
22
25
14
20
26
16
34
20
12
12
8
28
24
20
16
20
29
14
14
20
16
30
30
20
25
32
32
16
12
14
10
26
26
16
-23
-29
6
-18
-7
8
30
-33
12
-22
16
28
-6
-13
-6
10
-16
22
-4
12
-14
-22
10
6
-2
14
1
0
-8
-12
14
-26
-4
-32
-6
-22
-14
0
-8
26
-12
-2
16
-12
-24
14
4
-16
-16
-4
10
-8
-21
26
-2
10
0
12
-18
23
-16
0
2
-18
-15
0
-16
-22
-12
2
-22
-10
0
6
10
-6
16
0
0
20
6
-10
-10
-14
0
4
8
-23
10
-30
-20
0
28
28
6
-14
-6
3
-4
12
8
32
-22
-8
-14
22
12
-20
-22
-6
-18
-16
-11
-20
-18
16
-12
-20
-6
-10
-4
-10
0
-16
-22
-22
-14
12
4
11
-14
8
10
4
13
-8
-16
-12
-26
16
-18
-14
-24
8
-6
19
29
-18
24
0
23
-18
5
8
4
20
16
20
10
-18
-6
-14
-18
-12
8
-24
20
4
26
-10
8
0
10
-4
-7
-14
-28
24
-8
-10
11
18
12
10
6
14
11
10
14
-6
2
10
0
4
-10
24
4
-12
14
-8
28
5
-9
6
-8
-14
16
-6
14
3
2
-2
8
-12
18
-18
10
16
-4
22
-24
7
26
-22
-18
13
-4
18
-14
2
10
-20
16
-2
17
12
-18
10
-22
10
24
22
16
10
18
4
2
20
30
18
6
-16
10
0
-8
6
26
8
-8
14
-14
4
-22
26
-19
-20
10
24
10
-6
28
12
-8
12
2
22
-2
14
6
22
16
8
2
-6
15
22
4
-12
4
16
-22
18
-12
10
24
0
6
-24
12
-2
-6
18
18
20
16
12
-4
12
-23
-2
17
22
6
-14
12
-28
14
18
-16
2
22
24
20
6
2
14
-2
-18
20
16
28
-2
26
-18
-26
16
2
0
12
14
6
27
-14
8
-29
-6
24
5
14
18
28
2
26
-10
6
-28
4
26
-18
8
10
14
-14
-16
20
18
-14
10
11
-6
-18
22
10
4
12
18
10
4
1
14
6
0
10
35
6
18
8
24
6
22
-8
-14
-18
6
8
18
10
24
-18
-16
