v
34
30
30
10
10
1
26
1
-14
5
10
12
5
30
1
14
16
24
16
27
10
12
10
11
28
28
16
12
1
32
12
-14
18
12
18
28
6
6
12
10
12
34
1
12
16
24
1
30
1
34
6
-32
34
12
12
10
34
6
30
30
22
1
18
-24
32
28
16
12
12
12
1
4
30
16
30
1
32
12
5
34
26
10
2
34
1
2
18
34
1
1
5
6
30
18
16
34
29
1
6
16
12
12
1
1
28
2
24
10
10
34
18
18
19
12
16
1
2
18
12
1
10
28
30
6
19
5
6
5
24
6
27
13
12
32
8
28
1
18
8
1
24
6
34
12
28
32
16
12
1
14
10
6
27
28
34
34
14
12
13
18
28
12
12
12
25
2
12
13
30
30
5
5
30
5
18
6
10
16
12
6
-32
5
2
1
12
2
28
5
18
12
16
1
12
12
1
1
6
10
8
10
22
30
20
10
20
14
10
12
13
23
30
20
6
14
-16
20
18
16
22
5
14
24
28
16
16
12
-14
20
8
25
11
24
15
12
24
28
18
-13
12
28
28
12
-14
22
12
12
-2
24
22
-2
28
22
-2
18
22
30
20
28
18
10
20
-18
2
30
14
-20
30
17
10
-32
30
26
-2
12
22
29
29
30
20
30
20
20
16
2
22
22
14
30
16
20
-18
10
-10
2
28
-2
30
13
20
20
10
-18
12
18
29
16
20
25
20
14
3
18
12
8
24
22
18
24
28
-2
8
20
30
28
6
24
-18
8
28
28
20
27
-2
28
22
20
16
20
14
30
30
29
14
12
10
13
18
28
27
2
13
-2
24
25
4
-2
15
12
28
16
12
-18
26
18
14
20
12
30
20
14
-13
20
3
20
24
13
28
30
12
29
-32
12
30
22
7
30
14
20
12
24
14
20
4
-2
-20
-2
4
8
16
-18
16
18
14
33
18
12
34
4
29
36
18
24
16
14
22
36
14
28
14
16
6
16
16
24
26
6
20
36
22
28
25
28
20
24
22
26
24
34
22
20
24
18
16
27
32
20
24
14
6
30
26
22
28
26
14
30
12
22
24
30
32
26
12
22
18
26
16
28
26
28
30
16
10
25
23
12
10
6
34
22
24
12
22
8
20
18
24
4
8
18
24
10
22
14
12
22
26
14
18
24
6
22
26
12
30
30
20
10
24
20
19
10
28
12
36
20
8
8
22
16
26
20
26
22
12
22
24
30
28
28
26
16
20
30
26
12
34
22
22
22
28
16
22
20
24
18
28
22
17
32
20
30
28
16
21
26
28
25
18
26
12
6
16
12
20
16
20
14
22
14
28
20
18
16
32
12
24
28
20
8
28
16
20
10
32
27
22
22
16
22
16
28
32
32
22
22
32
20
16
10
23
29
-6
18
7
-8
-30
33
-12
22
-16
-28
6
13
6
-10
16
-22
4
-12
14
22
-10
-6
2
-14
-1
0
8
12
-14
26
4
32
6
22
14
0
8
-26
12
2
-16
12
24
-14
-4
16
16
4
-10
8
21
-26
2
-10
0
-12
18
-23
16
0
-2
18
15
0
16
22
12
-2
22
10
0
-6
-10
6
-16
0
0
-20
-6
10
10
14
0
-4
-8
23
-10
30
20
0
-28
-28
-6
14
6
-3
4
-12
-8
-32
22
8
14
-22
-12
20
22
6
18
16
11
20
18
-16
12
20
6
10
4
10
0
16
22
22
14
-12
-4
-11
14
-8
-10
-4
-13
8
16
12
26
-16
18
14
24
-8
6
-19
-29
18
-24
0
-23
18
-5
-8
-4
-20
-16
-20
-10
18
6
14
18
12
-8
24
-20
-4
-26
10
-8
0
-10
4
7
14
28
-24
8
10
-11
-18
-12
-10
-6
-14
-11
-10
-14
6
-2
-10
0
-4
10
-24
-4
12
-14
8
22
24
26
22
10
4
2
4
14
30
14
-16
26
2
8
28
-12
16
-4
22
-21
-22
12
-32
-4
16
10
10
26
-2
14
13
-28
22
6
8
10
22
0
16
18
24
-18
18
-14
24
4
22
6
22
12
26
16
16
2
4
-14
-20
18
-12
-22
-7
-24
8
-20
-16
-20
-20
-2
22
-4
-7
16
26
2
1
2
-14
12
18
28
-1
-1
6
13
8
4
-16
12
16
2
10
6
30
-8
-12
-18
12
22
28
-17
18
14
-10
26
32
20
-24
18
26
18
4
22
18
-21
16
-16
-14
12
18
12
4
2
0
32
6
2
28
-14
-10
26
20
30
-22
16
19
4
28
0
-8
-22
-2
-12
10
-4
22
13
-10
6
16
-15
14
14
12
6
14
2
-4
10
18
2
-30
10
22
28
-4
18
18
14
30
6
4
14
24
-2
26
-4
18
-9
-30
-10
4
-18
-8
6
20
22
2
32
2
8
18
-10
-28
-16
17
6
10
12
-12
