v
-5
-24
-7
-24
-5
-24
-5
-24
-7
-24
-7
-10
-7
-10
-7
-10
-7
-24
-5
-10
-5
-10
-7
-10
-5
-10
-5
-24
-7
-10
-5
-24
-5
-24
-7
-24
-24
-5
-7
-10
-5
-24
-5
-24
-5
-24
-5
-24
-5
-7
-24
-10
-7
-24
-10
-5
-7
-24
-5
-24
-7
-10
-5
-10
-5
-10
-5
-24
-5
-24
-7
-10
-7
-24
-24
-5
-7
-24
-5
-24
-7
-24
-7
-24
-24
-7
-5
-24
-5
-24
-7
-24
-7
-24
-7
-24
-5
-24
-5
-10
-5
-24
-7
-10
-5
-24
-7
-10
-24
-7
-7
-24
-5
-24
-5
-10
-5
-10
-24
-24
-5
-7
-5
-10
-7
-24
-5
-10
-5
-10
-7
-24
-7
-24
-5
-10
-5
-10
-5
-24
-7
-24
-7
-24
-5
-10
-5
-24
-24
-5
-5
-24
-5
-24
-5
-24
-7
-24
-7
-10
-10
-5
-5
-24
-5
-24
-7
-24
-5
-10
-5
-10
-7
-10
-7
-7
-24
-24
-5
-24
-5
-10
-7
-24
-7
-10
-5
-10
-10
-5
-5
-24
-7
-10
-7
-24
-5
-10
-7
-10
-4
-6
14
-21
-20
-7
8
-34
33
-32
-21
-13
8
-22
-13
-16
-12
-10
11
-16
-8
-12
-13
22
-18
-25
-3
-14
-1
-18
-14
-8
-4
-36
-24
-14
8
-9
-5
-14
-6
-14
-2
-8
16
-14
-6
-13
-4
-13
-8
-24
-26
-6
-13
-12
-14
-10
-14
-8
-18
-14
-18
-10
-10
-24
-16
11
-2
-8
-16
-26
-14
-16
-5
-14
-20
-20
-8
-8
-24
-12
-14
-16
-3
-32
-4
-22
-10
-4
-12
-9
-22
-11
-34
-30
16
-11
-29
-24
-22
-14
-30
-26
-8
-22
-25
-6
-14
-12
8
-20
-8
-18
-22
-6
-13
-32
24
-13
-6
-6
-24
-18
-16
-13
-14
-16
-18
-20
-20
-24
-20
16
-32
-16
-22
-4
-11
20
-26
-6
-7
-22
-22
-13
-10
-33
-22
-8
-5
-3
-17
16
16
-8
-6
-13
-4
-11
-32
-2
-4
-19
-22
-6
18
-3
-26
-2
-16
8
8
-28
-12
-14
-12
-18
8
8
-24
-2
0
10
14
-6
-24
-8
-4
-14
-23
-4
-32
-21
-32
-12
-30
16
-10
-12
-22
-30
-20
-10
-20
-14
-10
-12
-13
-23
-30
-20
-6
-14
16
-20
-18
-16
-22
-5
-14
-24
-28
-16
-16
-12
14
-20
-8
-25
-11
-24
-15
-12
-24
-28
-18
13
-12
-28
-28
-12
14
-22
-12
-12
2
-24
-22
2
-28
-22
2
-18
-22
-30
-20
-28
-18
-10
-20
18
-2
-30
-14
20
-30
-17
-10
32
-30
-26
2
-12
-22
-29
-29
-30
-20
-30
-20
-20
-16
-2
-22
-22
-14
-30
-16
-20
18
-10
10
-2
-28
2
-30
-13
-20
-20
-10
18
-12
-18
-29
-16
-20
-25
-20
-14
-3
-18
-12
-8
-24
-22
-18
-24
-28
2
-8
-20
-30
-28
-6
-24
18
-8
-28
-28
-20
-27
2
-28
-22
-20
-16
-20
-14
-30
-30
-29
-14
-12
-10
-13
-18
-28
-27
-2
-13
2
-24
-25
-4
2
-15
-12
-28
-16
-12
18
-26
-18
-14
-20
-12
-30
-20
-14
13
-20
-3
-20
-24
-13
-28
-30
-12
-29
32
-12
-30
-22
-7
-30
-14
-20
-12
-24
-14
-20
-4
2
20
2
-4
-8
-16
18
-22
12
-22
-4
-14
-14
-26
-30
-28
-6
-30
-22
20
-22
-7
6
-27
-18
-12
-28
-18
-10
-29
-30
20
-26
-22
-14
-18
-28
-12
-20
-30
-7
-9
2
-30
-4
20
-2
-18
-30
10
-4
-30
-28
-10
-2
6
-30
-4
4
6
-12
8
-9
-30
-22
-17
18
-30
-28
-22
-10
-14
-14
-4
-16
20
6
8
-4
-25
8
10
-22
-6
-28
-28
-28
-6
-20
-13
-7
18
-30
-14
-28
20
-28
22
10
-30
18
12
12
18
-14
-26
-30
-6
-16
-10
-20
-16
-16
-30
-14
-14
-10
-8
-17
-28
-12
8
8
-16
-16
-20
-14
-28
-12
-22
-28
-18
-28
-12
-18
-10
-20
-30
-30
-26
-16
22
-4
-28
-2
2
-28
-30
18
8
-12
-22
-13
-10
8
8
-22
-6
12
22
-16
-28
-12
-22
-12
-28
32
18
8
-24
-30
-28
22
-22
-6
-30
-12
18
8
-2
18
-30
20
-28
-12
-20
-22
6
-26
-18
-18
-30
22
2
-4
2
12
8
-20
-30
-24
-6
-28
-28
-30
-28
-13
16
28
6
18
16
0
16
-24
22
16
16
24
-2
6
22
8
33
12
-4
18
32
22
10
22
18
16
22
10
20
28
10
20
18
28
4
16
24
29
12
14
1
20
2
24
6
18
10
8
4
26
16
12
4
8
28
8
20
12
28
10
2
14
28
12
22
0
20
16
8
32
4
14
14
-6
0
6
2
10
16
-2
4
26
18
22
-2
18
14
20
18
26
-2
-2
12
22
22
23
18
16
12
20
18
6
11
22
10
20
8
16
2
20
6
26
20
6
-8
20
10
20
0
22
10
12
12
6
-1
24
16
16
6
27
26
26
12
4
26
22
12
0
18
4
0
12
2
0
28
12
14
0
4
2
12
16
0
-14
9
12
2
2
26
-2
0
10
-4
0
12
16
20
22
12
8
16
18
5
18
30
12
-11
22
18
-6
10
12
10
0
22
10
26
6
10
16
16
-4
-4
18
8
4
18
10
22
20
