v
6
4
2
10
10
20
4
14
2
8
3
3
8
4
8
22
6
10
16
8
3
14
3
2
14
8
3
4
2
4
3
3
8
8
6
8
3
4
8
-20
10
3
8
14
14
3
3
8
-22
8
4
3
10
3
3
2
28
8
2
6
8
8
8
2
3
3
6
14
10
6
4
8
8
8
3
10
12
3
2
2
8
2
8
10
18
0
16
2
3
8
3
10
8
3
2
4
8
8
3
4
10
3
3
10
10
-22
3
3
6
8
8
32
18
-22
8
3
-22
3
4
2
8
16
10
3
3
2
2
18
3
2
8
8
3
8
6
3
4
22
8
20
8
3
6
2
9
3
8
22
8
8
8
8
3
8
8
3
2
6
6
6
8
8
2
4
3
8
8
8
3
3
8
8
6
3
8
3
3
23
3
8
8
8
3
8
8
6
18
4
14
12
8
18
3
18
18
3
6
8
8
14
0
0
0
-26
0
14
14
23
0
14
0
23
3
24
14
0
0
3
0
8
-26
28
0
12
-14
3
8
12
3
8
20
6
3
14
3
-10
20
3
8
12
0
-8
16
0
10
28
0
-26
-26
3
12
-8
23
12
-10
0
12
18
0
14
22
18
-26
-26
-14
8
-8
-8
6
-24
0
8
28
8
22
0
14
16
14
0
6
0
0
20
20
-30
14
-22
4
14
8
12
3
3
14
8
4
3
11
20
3
0
6
20
-8
8
32
-24
0
-30
0
4
12
6
-8
0
3
2
16
3
14
23
8
23
-14
3
8
8
18
0
3
21
12
12
3
12
8
0
3
8
8
15
23
-24
10
-30
20
0
11
23
8
10
2
11
3
14
24
14
3
12
0
3
14
8
8
23
20
-22
-24
-8
12
3
0
-26
0
3
-10
23
3
5
0
0
18
10
0
-24
14
8
15
3
8
12
16
8
3
8
2
8
0
18
11
24
28
26
14
8
25
26
26
18
18
12
24
4
18
10
22
22
8
30
34
32
20
24
22
20
12
14
14
6
18
34
22
26
12
22
24
14
10
13
13
16
26
20
24
20
22
16
18
23
22
16
33
24
26
8
14
16
26
32
18
36
18
30
24
34
28
14
2
20
16
12
10
12
12
24
20
29
26
22
22
18
22
33
12
20
20
18
26
23
17
20
32
26
28
16
20
20
32
22
22
18
22
16
18
12
18
4
26
16
12
28
29
6
26
36
32
22
22
34
28
18
12
32
26
27
26
18
21
30
22
26
20
20
20
18
26
26
18
29
26
27
24
18
22
16
33
20
26
26
13
22
28
16
20
32
35
18
25
16
26
22
26
20
21
24
26
34
16
31
30
12
24
12
35
16
14
18
14
30
20
25
28
22
22
10
29
28
16
22
26
22
28
24
10
20
32
22
26
14
-14
-4
6
-26
-8
-10
-18
-4
2
-18
2
-16
0
-6
-18
-4
-16
6
14
-6
-4
-20
12
-12
6
4
-30
14
8
-16
18
-6
-16
13
-8
-12
-12
-20
-2
0
-18
-22
-18
10
-16
-14
-12
2
-12
-18
-10
2
4
-4
-33
-14
8
-32
0
-20
-12
-4
8
-1
-16
-25
-21
-24
8
-16
14
-4
-32
-12
-32
-18
-24
-6
-12
-26
-14
-4
4
-2
-12
-12
8
8
-22
14
-22
-14
-18
10
-8
-4
-10
-4
-6
-4
-6
-18
-8
-22
2
-18
24
-4
-22
-16
-22
-8
-14
-14
4
-30
-14
-24
-26
-2
-18
8
0
-12
-6
-10
20
-12
-6
-26
-24
12
-10
6
4
12
-2
-20
20
10
-6
-28
0
-26
-20
0
-10
4
-14
-8
-26
-4
-5
-12
-20
8
-10
-16
-24
-2
8
-4
-8
4
-10
-22
-12
-18
-18
10
-8
-20
-18
-16
-26
14
-10
-24
-4
-10
-4
-2
-28
16
-14
14
-6
19
4
0
-14
-18
-30
-14
-18
-4
-22
-10
-10
-8
0
2
-26
16
-4
-16
-22
-8
-28
-17
-20
-16
16
-6
-2
-12
22
-16
-6
-4
-6
-6
10
-26
-10
-14
-32
-10
-22
16
18
-26
-2
16
13
-24
-12
8
-6
-22
-10
-4
-22
-22
-12
-4
-22
-18
-6
0
-20
-4
-20
12
-24
-2
-18
-12
-8
-12
-22
-8
-22
-2
-18
18
-4
-4
-12
-4
12
14
14
-28
-4
-6
-20
24
0
14
-24
0
0
12
0
0
-22
-18
-12
-12
8
16
-8
-10
-28
-20
-16
-6
-22
-20
-16
-18
-14
0
-10
-22
8
-10
-32
2
-14
-18
-26
-4
-10
-2
-22
-18
-20
-10
-34
-22
-28
-6
-12
-6
-22
-12
-4
0
15
-10
-2
-18
-20
-18
2
-6
0
14
-14
-18
-4
-6
-18
0
-14
-10
-30
-8
-18
-6
-12
-16
-2
-10
-14
-6
-24
-18
-8
-14
-16
-6
-12
4
-20
-18
-20
14
-18
-18
-12
-20
8
6
-12
-20
-20
-20
-22
-16
12
-4
-6
-12
-28
-14
-28
-20
-8
-8
-10
-4
-18
-6
-12
-20
-6
-18
