v
4
4
20
6
4
6
2
6
2
8
3
2
3
3
3
3
3
3
2
28
6
3
6
3
22
3
28
3
3
6
3
16
6
4
3
4
3
2
12
3
6
3
3
3
-14
3
6
3
4
2
6
3
3
12
6
3
4
3
3
3
2
3
4
3
3
4
2
4
28
6
3
6
2
3
3
6
6
2
18
6
6
3
-14
3
18
6
4
6
3
2
28
3
3
6
3
3
3
4
20
2
11
3
4
3
8
24
6
18
6
4
24
16
34
0
6
6
3
3
6
6
3
2
4
3
3
3
6
3
3
3
24
4
24
28
3
28
3
6
3
3
3
3
4
2
4
24
3
3
3
16
6
4
6
4
20
6
24
6
24
28
4
6
28
2
20
28
6
4
18
3
3
3
3
6
3
3
3
3
3
3
3
3
18
3
3
3
3
3
3
3
3
3
3
3
3
10
34
34
10
28
4
4
20
6
6
4
4
10
4
2
10
3
3
18
3
3
20
-4
3
26
6
2
16
6
3
2
2
28
3
2
20
3
20
-14
6
20
4
3
2
6
20
6
18
6
3
6
20
20
4
2
16
16
8
6
14
4
20
20
2
3
6
20
4
3
20
4
28
6
2
2
20
20
3
6
4
6
3
3
3
6
3
6
2
4
18
2
20
20
6
20
20
20
4
16
4
3
3
22
6
20
4
4
6
2
8
20
20
20
20
24
2
3
6
6
20
34
20
20
20
3
3
-14
6
4
6
16
20
2
6
28
3
24
6
20
4
20
3
20
2
3
6
3
14
24
20
20
3
6
20
3
4
4
24
4
3
4
20
3
3
24
6
4
3
6
4
24
20
6
3
20
20
6
4
3
6
20
16
3
20
28
24
4
6
20
3
6
2
20
20
18
2
-4
20
20
6
3
34
34
18
6
18
24
30
14
20
24
28
26
26
33
24
12
24
24
22
24
18
28
28
16
22
24
28
18
16
12
24
22
24
24
8
14
24
12
16
24
27
34
22
34
24
18
12
24
10
30
26
14
14
26
10
24
26
36
36
36
18
21
24
28
10
12
20
28
18
28
26
18
28
24
26
32
34
25
20
18
20
8
12
8
18
26
18
32
16
32
20
36
33
18
24
24
16
14
22
28
28
8
28
22
20
8
28
19
20
18
24
16
26
20
22
27
24
14
18
30
20
32
26
32
30
28
26
20
18
28
30
14
36
22
18
18
26
32
18
26
24
34
3
10
24
24
24
22
16
28
26
24
20
32
28
2
24
22
28
8
25
35
20
18
26
28
16
24
24
16
14
24
26
32
24
34
20
31
30
24
30
34
28
23
12
10
24
20
14
28
24
30
34
23
26
8
26
20
30
22
18
24
20
20
14
4
-6
26
8
10
18
4
-2
18
-2
16
0
6
18
4
16
-6
-14
6
4
20
-12
12
-6
-4
30
-14
-8
16
-18
6
16
-13
8
12
12
20
2
0
18
22
18
-10
16
14
12
-2
12
18
10
-2
-4
4
33
14
-8
32
0
20
12
4
-8
1
16
25
21
24
-8
16
-14
4
32
12
32
18
24
6
12
26
14
4
-4
2
12
12
-8
-8
22
-14
22
14
18
-10
8
4
10
4
6
4
6
18
8
22
-2
18
-24
4
22
16
22
8
14
14
-4
30
14
24
26
2
18
-8
0
12
6
10
-20
12
6
26
24
-12
10
-6
-4
-12
2
20
-20
-10
6
28
0
26
20
0
10
-4
14
8
26
4
5
12
20
-8
10
16
24
2
-8
4
8
-4
10
22
12
18
18
-10
8
20
18
16
26
-14
10
24
4
10
4
2
28
-16
14
-14
6
-19
-4
0
14
18
30
14
18
4
22
10
10
8
-20
-6
16
0
-14
-2
-18
-24
-16
26
22
18
-4
12
14
-12
6
2
-12
-1
-22
-26
16
-12
-14
18
14
-16
12
16
2
10
14
-16
-10
0
4
18
-10
-22
-20
12
-22
-14
22
-14
-28
14
20
-16
16
-2
8
-8
-30
12
8
8
-2
-16
12
-12
-22
-20
22
26
4
-2
-14
-10
8
-18
12
6
-14
0
30
-6
-28
12
22
0
-28
-2
0
8
8
-19
-20
-6
28
12
-8
18
-4
16
28
10
-28
8
-6
-12
-6
-6
16
4
-6
-4
8
-4
4
26
14
-20
10
-14
-8
10
-14
-8
28
20
0
-1
-6
-6
-12
20
-18
6
-14
-10
-4
14
-2
8
-6
26
28
12
-6
4
-2
-16
0
18
2
18
-6
22
1
-18
20
-8
10
12
-24
16
-4
20
-2
10
0
-14
0
6
10
14
12
24
8
10
-16
-6
-4
18
16
-18
-6
-12
-22
0
16
4
-6
-12
-6
16
0
-14
8
20
10
-10
20
4
6
-18
-12
4
